00000000000000000000000000101100
00000000000000000000000000011110
00000000000000000000000011011101
00000000000000000000000000111101
00000000000000000000000000101100
00000000000000000000000010101111
00000000000000000000000001111111
00000000000000000000000011110010
00000000000000000000000011011110
00000000000000000000000011111001
00000000000000000000000011111010
00000000000000000000000001001000
00000000000000000000000001100011
00000000000000000000000011100010
00000000000000000000000000100011
00000000000000000000000000100100
