00000000000000000000000001001000
00000000000000000000000011101111
00000000000000000000000001111011
00000000000000000000000001100011
00000000000000000000000010101010
00000000000000000000000011010110
00000000000000000000000001110001
00000000000000000000000000001110
00000000000000000000000010001100
00000000000000000000000001100101
00000000000000000000000011001100
00000000000000000000000000111110
00000000000000000000000010101100
00000000000000000000000010000011
00000000000000000000000000011000
00000000000000000000000001001101
